53 414
55 238
56 235
57 234
59 233
292 174
293 174
294 174
295 174
296 174
297 174
298 174
299 174
300 174
301 174
302 174
303 174
304 174
305 174
306 174
307 174
308 174
309 174
310 174
311 174
312 174
313 174
314 174
315 174
316 174
317 174
318 174
319 174
320 174
321 174
322 174
323 174
324 174
325 174
326 174
327 174
328 174
329 174
330 174
331 174
332 174
333 174
334 174
335 174
336 174
337 174
338 174
339 174
340 174
341 174
342 174
343 174
344 174
345 174
346 174
347 174
348 174
349 174
350 174
351 174
352 174
353 174
354 174
355 174
356 174
357 174
358 174
359 174
360 174
361 174
362 174
363 174
364 174
365 174
366 174
367 174
368 174
369 174
370 174
371 174
372 174
373 174
374 174
375 174
376 174
377 174
378 174
379 174
380 174
381 174
382 174
383 174
384 174
385 174
386 174
387 174
388 174
389 174
390 174
391 174
392 174
393 174
394 174
395 174
396 174
397 174
398 174
399 174
400 174
401 174
402 174
403 174
404 174
414 174
415 174
416 174
417 174
418 174
419 174
420 174
421 174
422 174
423 174
424 174
425 174
426 174
427 174
428 174
429 174
430 174
431 174
432 174
433 174
434 174
435 174
436 174
437 174
438 174
439 174
440 174
441 174
442 174
443 174
444 174
445 174
446 174
447 174
448 174
451 175
452 176
453 178
454 181
456 376
456 377
456 378
456 379
456 380
456 381
456 382
452 615
451 624
450 628
448 634
446 638
444 641
441 645
437 649
433 652
430 654
422 658
191 740
185 742
181 743
176 744
169 745
160 746
121 746
112 745
97 742
88 739
83 737
79 735
73 731
63 721
59 715
58 713
56 708
55 705
54 700
53 691
53 415
